<cam0~imu T>
  -0.040301239997409   0.026311325355147   0.998841090570831   0.138044476707325
  -0.998999875552468  -0.020436499663525  -0.039769311380205   0.014814825544913
   0.019366432320491  -0.999444877739417   0.027108627033059  -0.034914942075322
                   0                   0                   0   1.000000000000000

<cam1~imu T>
  -0.039057524725661   0.025035478432625   0.998923287636220   0.136237639761255
  -0.999049856889956  -0.020323396666371  -0.038553119148778  -0.035104709944336
   0.019336318430947  -0.999479956961414   0.025805472713092  -0.034004370235121
                   0                   0                   0   1.000000000000000
